[DEFAULT]
mode=train
#mode=testhr
trainDataFile=20160408_2345_100658.csv
#trainDataFile=month_20160405_23.csv
#trainDataFile=month_20160325.csv
#trainDataFile=20160502_1850_20160.csv
#trainDataFile=day_20160414_18.csv
trainDataDummy=
gpu=0
epoch=10000
numUnits=60
frameSize=60
batchSize=100
batchRandom=0
bpropLen=120
bpropStep=1
bpropHeadLossCut=0
gradClip=50.0
grEnable=1
evalInterval=30
outRangeUniform=0
outHeadCut=0
predLen=5
predAve=1
inMA=1
outDeltaMA=3
netType=NNLLLNN
netInitParamRandom=0.1
optm=AdaDelta
lossMag=1.0
adamAlpha=0.001
adaDeltaRho=0.95
adaDeltaEps=0.000001
learningRrate=0.000999977413071927
[testhr_20160408_2345_100658.csv]
epoch10000=47.05096905983758
epoch2812=47.53624632554432
epoch3430=47.50137013601714
epoch4179=47.49040904788003
[testhr_day_20160414_18.csv]
epoch1153=44.39541041482789
epoch3651=47.21977052074139
